INDIRECT,14,1,12,1014,1015
INDIRECT,14,1,13,1014,1016
INDIRECT,14,1,14,1014,145
INDIRECT,14,1,-857,1014,146
INDIRECT,14,1,-856,1014,147
INDIRECT,14,1,-855,1014,148
INDIRECT,14,1,-854,1014,149
INDIRECT,14,1,-853,1014,150
INDIRECT,14,1,-852,1014,151
INDIRECT,82,2,268,925,926
INDIRECT,83,2,268,946,947
INDIRECT,83,3,65804,986,927
INDIRECT,83,2,65804,927,928
INDIRECT,84,2,268,939,958
INDIRECT,84,3,65804,960,969
INDIRECT,84,2,65804,969,957
INDIRECT,86,1,12,941,942
INDIRECT,86,1,13,941,943
INDIRECT,86,1,14,941,944
INDIRECT,86,1,15,941,949
INDIRECT,86,1,20,941,950
INDIRECT,86,1,21,941,951
INDIRECT,86,1,22,941,952
INDIRECT,86,1,23,941,953
INDIRECT,147,2,268,931,929
INDIRECT,147,3,65804,956,977
INDIRECT,147,2,65804,977,978
INDIRECT,158,2,268,1006,961
INDIRECT,158,3,65804,965,933
INDIRECT,158,2,65804,933,934
INDIRECT,163,2,268,453,455
INDIRECT,163,3,65804,980,683
INDIRECT,163,2,65804,683,684
INDIRECT,177,2,268,246,197
INDIRECT,177,3,65804,967,968
INDIRECT,177,2,65804,968,184
INDIRECT,179,1,12,206,207
INDIRECT,179,1,13,206,208
INDIRECT,179,1,14,206,241
INDIRECT,179,1,47,206,242
INDIRECT,179,1,48,206,243
INDIRECT,179,1,49,206,244
INDIRECT,179,1,50,206,293
INDIRECT,179,1,99,206,294
INDIRECT,243,2,268,257,259
INDIRECT,243,3,65804,717,687
INDIRECT,243,2,65804,687,688
